empty 117.65 54.49 64.79 22.57 0.82
empty 117.67 79.05 65.13 23.60 0.83
empty 117.78 104.29 64.73 24.47 0.85
empty 117.84 129.64 65.13 23.78 0.83
empty 119.18 354.90 65.77 24.22 0.81
empty 119.31 380.22 65.34 23.00 0.81
empty 119.62 404.66 65.65 22.62 0.81
empty 119.66 428.87 66.14 23.19 0.82
empty 119.71 454.30 66.97 24.71 0.83
empty 120.22 481.42 66.36 26.23 0.81
empty 125.22 695.77 63.37 26.23 0.45
empty 125.08 721.82 65.51 24.01 0.58
empty 124.95 745.52 67.07 23.23 0.77
empty 125.32 769.53 67.86 23.28 0.82
empty 125.13 794.72 67.93 24.59 0.83
empty 125.29 821.00 68.20 25.74 0.82
empty 126.92 980.37 66.52 24.77 0.82
empty 127.39 1005.54 66.65 23.31 0.86
empty 128.35 1029.89 66.71 23.48 0.83
empty 128.83 1054.17 66.73 23.11 0.84
empty 129.32 1078.88 66.59 23.74 0.84
empty 129.14 1104.02 66.29 23.15 0.82
empty 131.88 1458.64 65.79 23.89 0.83
empty 132.21 1483.71 65.22 23.41 0.83
empty 132.20 1508.29 65.33 23.50 0.83
empty 132.56 1533.02 64.71 23.21 0.84
empty 132.43 1557.45 63.63 23.52 0.83
empty 132.91 1581.89 62.81 23.05 0.84
empty 132.77 1606.17 62.93 22.98 0.83
empty 132.93 1630.62 63.20 23.14 0.82
empty 133.10 1654.95 63.40 23.64 0.83
empty 132.81 1679.95 62.72 23.73 0.80
empty 136.98 1945.60 64.15 23.91 0.84
empty 137.25 1971.24 63.43 23.48 0.83
empty 137.61 1995.64 62.30 22.73 0.84
empty 137.85 2020.04 61.66 23.08 0.83
empty 137.92 2044.47 61.35 23.95 0.84
empty 137.99 2069.47 60.81 23.41 0.83
empty 137.78 2094.03 59.94 23.43 0.83
empty 137.91 2290.29 57.39 23.29 0.82
empty 138.81 2315.49 58.21 23.53 0.83
empty 139.29 2340.60 57.98 24.12 0.85
empty 139.96 2365.53 57.42 22.47 0.83
empty 139.85 2389.09 56.74 22.37 0.83
empty 139.44 2412.91 55.97 22.34 0.83
