empty 70.87 44.76 62.48 24.17 0.77
empty 71.21 69.56 63.00 23.98 0.79
empty 71.60 94.57 62.43 24.75 0.80
empty 71.66 120.87 61.69 24.20 0.80
empty 70.84 348.01 63.32 23.40 0.72
empty 71.80 372.90 62.72 23.83 0.77
empty 72.61 397.30 61.85 24.14 0.77
empty 72.85 422.08 62.17 24.18 0.80
empty 73.32 446.54 62.09 23.82 0.81
empty 72.70 472.84 62.57 26.40 0.80
empty 74.16 689.29 62.88 25.89 0.68
empty 74.63 715.02 63.06 24.39 0.49
empty 74.60 739.69 62.83 23.76 0.69
empty 74.55 764.08 62.57 23.91 0.73
empty 74.45 788.77 62.42 24.18 0.76
empty 74.21 814.87 62.31 25.68 0.78
empty 76.10 975.17 62.25 25.29 0.74
empty 76.44 1000.72 62.49 24.45 0.78
empty 76.60 1025.35 62.39 24.09 0.79
empty 76.74 1050.04 62.25 24.29 0.77
empty 76.69 1075.01 62.08 23.94 0.79
empty 76.67 1100.23 61.65 23.62 0.79
empty 80.26 1379.37 63.58 24.80 0.79
empty 80.38 1404.77 63.08 24.02 0.79
empty 81.09 1429.98 62.30 23.63 0.78
empty 80.63 1454.65 62.82 23.87 0.78
empty 81.73 1478.94 62.36 23.66 0.77
empty 81.18 1503.61 63.31 23.13 0.77
empty 81.77 1528.13 62.75 23.24 0.78
empty 81.20 1553.12 63.37 23.84 0.78
empty 81.57 1576.80 63.00 24.63 0.80
empty 82.25 1602.08 62.16 23.83 0.81
empty 83.00 1751.70 62.97 24.59 0.78
empty 82.89 1777.20 63.67 23.22 0.79
empty 83.69 1802.05 62.73 23.34 0.81
empty 83.65 1826.26 62.68 21.94 0.79
