empty 72.44 67.28 64.16 22.83 0.83
empty 72.11 91.92 64.47 23.37 0.85
empty 71.96 116.89 64.41 23.09 0.85
empty 72.02 141.70 64.32 22.94 0.84
empty 72.11 165.76 64.19 22.83 0.86
empty 72.16 190.59 64.12 23.75 0.85
empty 72.48 215.26 64.16 23.15 0.86
empty 72.73 240.16 64.16 23.79 0.84
empty 73.18 266.23 64.02 23.99 0.82
empty 77.98 437.11 65.48 23.36 0.79
empty 77.67 461.26 64.58 23.15 0.82
empty 77.41 485.66 65.98 23.23 0.82
empty 77.84 510.22 64.19 23.36 0.82
empty 77.44 534.20 65.45 23.05 0.81
empty 77.63 558.53 66.56 23.40 0.83
empty 77.31 582.82 65.63 23.06 0.82
empty 77.90 608.27 66.77 24.12 0.81
empty 78.17 635.20 67.28 27.06 0.82
empty 80.26 803.24 66.55 24.50 0.64
empty 80.23 828.37 66.59 23.82 0.79
empty 80.13 852.76 66.24 23.27 0.83
empty 80.64 876.67 66.17 22.82 0.81
empty 81.07 900.82 66.36 23.52 0.83
empty 81.35 925.29 65.54 23.13 0.82
empty 81.60 949.73 65.42 22.94 0.82
empty 81.97 973.78 64.99 23.62 0.83
empty 82.50 998.94 63.89 23.93 0.82
empty 85.37 1200.26 64.38 24.52 0.81
empty 85.35 1225.72 64.13 23.62 0.86
empty 85.05 1250.56 62.65 23.50 0.84
empty 88.49 1449.73 64.61 24.27 0.81
empty 88.52 1475.36 64.02 23.84 0.85
empty 88.53 1499.91 63.94 22.90 0.81
empty 90.85 1766.88 63.46 24.65 0.82
empty 90.80 1792.34 62.15 23.69 0.83
empty 90.86 1816.83 61.85 22.74 0.85
empty 91.75 1841.10 60.78 23.59 0.82
empty 92.34 1865.35 60.22 22.42 0.83
empty 92.23 1889.32 60.79 22.93 0.83
empty 92.57 1913.81 60.72 23.04 0.83
empty 92.72 1938.07 60.64 22.81 0.83
empty 92.95 1962.28 60.85 22.27 0.81
empty 93.06 1986.20 60.71 22.91 0.83
empty 93.01 2010.62 60.15 23.09 0.82
empty 93.25 2035.18 59.06 23.69 0.82
empty 97.19 2278.13 60.92 23.66 0.84
empty 97.10 2303.86 60.34 23.16 0.82
empty 97.12 2328.07 59.87 22.30 0.84
empty 97.46 2352.10 59.95 22.68 0.84
empty 97.73 2376.64 59.92 23.67 0.84
empty 97.33 2401.45 59.80 22.30 0.82
