empty 80.24 89.29 63.75 23.18 0.83
empty 80.40 113.85 63.82 22.90 0.85
empty 80.65 138.07 63.66 23.05 0.87
empty 81.31 162.59 63.52 23.38 0.86
empty 81.96 187.48 63.69 23.49 0.85
empty 82.69 212.57 64.20 23.31 0.83
empty 83.08 236.94 64.21 22.77 0.84
empty 83.90 261.47 64.06 22.80 0.85
empty 84.68 286.71 64.25 23.47 0.83
empty 86.48 458.09 64.16 23.16 0.82
empty 86.86 482.49 64.53 22.65 0.83
empty 87.39 506.78 64.73 22.74 0.83
empty 87.68 530.92 65.07 23.03 0.83
empty 88.19 555.40 65.00 22.65 0.83
empty 88.47 579.36 65.09 22.67 0.83
empty 88.81 603.50 65.01 22.92 0.83
empty 89.06 627.77 65.15 23.05 0.83
empty 89.53 653.12 65.75 24.33 0.84
empty 92.20 822.64 65.61 23.52 0.81
empty 92.00 847.08 64.23 23.18 0.82
empty 92.45 871.83 62.72 23.11 0.82
empty 92.47 895.69 62.65 22.98 0.83
empty 92.88 920.07 62.72 22.89 0.83
empty 92.81 943.88 63.32 22.54 0.83
empty 93.24 967.85 63.93 22.94 0.85
empty 93.35 992.54 63.62 23.33 0.86
empty 93.67 1017.46 62.92 23.31 0.82
empty 97.18 1174.09 63.51 23.22 0.84
empty 97.42 1198.59 63.53 23.28 0.87
empty 97.81 1222.64 63.48 22.53 0.85
empty 97.88 1246.56 63.53 23.24 0.85
empty 98.01 1270.88 63.69 22.70 0.84
empty 97.85 1295.09 63.70 23.11 0.85
empty 97.79 1318.99 62.12 21.98 0.84
empty 100.62 1446.41 63.12 23.24 0.84
empty 100.85 1471.50 61.97 22.50 0.83
empty 100.99 1495.62 61.80 23.10 0.84
empty 101.16 1520.15 61.69 22.96 0.84
empty 101.21 1544.48 61.42 23.04 0.84
empty 101.20 1568.44 61.24 22.60 0.85
empty 101.36 1592.81 61.67 23.30 0.84
empty 105.95 1826.47 62.24 24.15 0.83
empty 105.50 1851.94 61.05 23.28 0.82
empty 105.46 1876.35 60.67 22.85 0.83
empty 105.60 1900.40 60.06 22.91 0.83
empty 105.52 1924.52 60.46 22.61 0.82
empty 105.61 1948.68 59.53 23.00 0.84
empty 110.76 2298.37 61.52 23.95 0.84
empty 110.33 2324.17 61.27 23.29 0.83
empty 110.11 2348.58 61.27 22.35 0.84
empty 110.11 2373.52 61.28 22.99 0.82
empty 110.02 2397.90 61.33 23.02 0.83
empty 109.55 2421.67 60.43 21.67 0.83
